0	0
0.00013	11.1931
0.00039	18.8574
0.000728	24.5846
0.001079	29.0647
0.00148	32.7818
0.0019	35.6008
0.002361	37.906
0.002865	39.8555
0.003344	41.4716
0.00385	42.8393
0.004397	44.0763
0.004924	45.1797
0.005498	46.3116
0.006032	47.3925
0.00655	48.415
0.007068	49.4386
0.007578	50.3285
0.008093	51.2363
0.008602	52.1699
0.009108	53.0034
0.009643	53.8729
0.010155	54.7167
0.01071	55.5553
0.011281	56.4211
0.011819	57.2352
0.012331	58.0572
0.012823	58.7775
0.013327	59.516
0.013813	60.2289
0.014311	60.9347
0.014822	61.6251
0.015359	62.2838
0.015881	63.0185
0.016434	63.7135
0.016987	64.4431
0.017521	65.1553
0.018026	65.8747
0.018527	66.4929
0.019053	67.1301
0.019547	67.7744
0.02002	68.3583
0.020547	68.9295
0.021101	69.6136
0.021638	70.2802
0.022192	70.9572
0.02272	71.5222
0.023269	72.1831
0.023769	72.8667
0.02427	73.4914
0.024815	74.1027
0.025318	74.6859
0.025837	75.3392
0.026357	75.959
0.02688	76.5025
0.027412	77.1158
0.027987	77.7415
0.028531	78.374
0.029064	78.9635
0.029565	79.6026
0.030098	80.2017
0.030601	80.7991
0.031075	81.3518
0.031585	81.8993
0.032121	82.4149
0.032673	82.9925
0.033225	83.5707
0.033813	84.1868
0.034353	84.7566
0.034862	85.3588
0.035364	85.9697
0.035893	86.5316
0.036403	87.0752
0.036884	87.6167
0.037384	88.1257
0.037914	88.6378
0.038467	89.187
0.039025	89.7718
0.039615	90.3166
0.040161	90.8928
0.040691	91.4333
0.041207	91.9993
0.041735	92.5842
0.042251	93.1512
0.042727	93.6542
0.043251	94.1794
0.043777	94.6357
0.044349	95.1576
0.04492	95.7234
0.04546	96.313
0.046016	96.7913
0.046542	97.4331
0.047043	97.9073
0.047579	98.4375
0.048068	98.9289
0.048573	99.4572
0.049074	99.9418
0.049589	100.3844
0.050156	100.8763
0.050722	101.421
0.051288	101.9574
0.051806	102.4897
0.05231	103.0563
0.052824	103.5452
0.053325	104.0246
0.053831	104.5313
0.054308	105.0179
0.054826	105.5354
0.055352	106.0013
0.055874	106.3969
0.056453	106.9307
0.057032	107.4473
0.057557	107.9414
0.058111	108.5005
0.058628	109.0563
0.05914	109.5769
0.059624	110.0243
0.06012	110.491
0.060629	110.9417
0.061172	111.4407
0.061698	111.8942
0.062274	112.3355
0.062853	112.875
0.063336	113.3605
0.063861	113.8509
0.064375	114.3404
0.064894	114.8222
0.065378	115.2828
0.065857	115.7254
0.066383	116.1736
0.066897	116.6563
0.067426	117.0433
0.067998	117.5866
0.068575	118.0152
0.069094	118.5002
0.069595	119.0014
0.070115	119.4784
0.070617	119.9448
0.07109	120.3816
0.071604	120.8413
0.072096	121.2541
0.072649	121.6652
0.073217	122.1678
0.073755	122.6318
0.074348	123.1203
0.074887	123.5851
0.075407	124.0661
0.075945	124.5406
0.076454	124.9942
0.076939	125.4364
0.077442	125.8811
0.077951	126.3
0.07848	126.7124
0.079037	127.1645
0.079582	127.6336
0.080139	128.0955
0.08065	128.4982
0.081147	128.9357
0.081656	129.3661
0.082183	129.8439
0.082663	130.2443
0.083154	130.6645
0.083682	131.1074
0.084204	131.532
0.084726	131.9479
0.085278	132.3768
0.085832	132.743
0.086383	133.2178
0.086892	133.6787
0.087402	134.1038
0.087912	134.5113
0.088428	134.9379
0.088908	135.3422
0.08943	135.7702
0.089959	136.1813
0.090512	136.5866
0.091047	136.9991
0.091589	137.3673
0.092141	137.81
0.092674	138.2688
0.093184	138.6977
0.093719	139.1028
0.094212	139.4847
0.094709	139.9403
0.09522	140.3341
0.095766	140.7512
0.096304	141.076
0.096874	141.5424
0.097464	141.9295
0.097997	142.401
0.098512	142.8432
0.099023	143.2394
0.09954	143.6366
0.100063	144.0624
0.100555	144.4571
0.101085	144.8569
0.101626	145.2586
0.10215	145.6307
0.10269	146.0605
0.103244	146.4465
0.103774	146.8387
0.104303	147.2495
0.10482	147.6499
0.105337	148.0415
0.105854	148.4516
0.106353	148.8413
0.106859	149.2138
0.107424	149.6406
0.107942	150.0061
0.108495	150.4136
0.109055	150.7946
0.109562	151.1593
0.110096	151.5836
0.11062	151.979
0.111149	152.3756
0.111666	152.7707
0.112154	153.1344
0.112677	153.5402
0.113202	153.9002
0.113762	154.2839
0.114293	154.6268
0.114876	155.07
0.11543	155.4538
0.115953	155.8708
0.116489	156.2712
0.117007	156.6416
0.117519	157.0207
0.11803	157.4093
0.118548	157.7806
0.119091	158.1462
0.119627	158.5299
0.120169	158.924
0.120712	159.2998
0.121272	159.6692
0.121773	160.0302
0.122302	160.4238
0.122832	160.8083
0.123345	161.1812
0.123833	161.5323
0.124369	161.9278
0.124887	162.2838
0.125425	162.6332
0.12596	163.0297
0.126504	163.3619
0.127077	163.7455
0.127571	164.1086
0.128083	164.5027
0.128613	164.8903
0.129137	165.2587
0.129638	165.605
0.130156	165.9823
0.13067	166.3027
0.131207	166.6551
0.131767	167.0583
0.132304	167.43
0.132854	167.7756
0.133384	168.147
0.133891	168.515
0.134415	168.8861
0.134928	169.2461
0.135429	169.5858
0.135935	169.9643
0.136467	170.2995
0.136998	170.6539
0.137547	171.0113
0.138078	171.3756
0.138616	171.7128
0.139165	172.0615
0.13966	172.4116
0.140184	172.795
0.140715	173.1606
0.141223	173.5039
0.141706	173.8437
0.142237	174.1817
0.142769	174.5293
0.143318	174.8895
0.143861	175.2586
0.144394	175.569
0.144937	175.9291
0.145444	176.2743
0.145939	176.6369
0.146481	177.0072
0.147001	177.355
0.14749	177.6888
0.148022	178.0295
0.148554	178.3704
0.149098	178.7038
0.149642	179.0471
0.150179	179.3896
0.150723	179.7429
0.151249	180.0745
0.151761	180.4426
0.152275	180.7919
0.1528	181.1338
0.15329	181.4606
0.153804	181.7818
0.154354	182.1282
0.154886	182.4624
0.155446	182.6856
0.156015	183.1899
